Исследование обусловленности
--------------------------------------------------------------------------------
N     | Итерации   | Время (сек)  | Погрешность  | ||B||   
--------------------------------------------------------------------------------
10    | 10         | 0.00025      | 4.85e-04     | 0.9695
50    | 7          | 0.00233      | 2.50e-04     | 0.9953
100   | 6          | 0.00649      | 4.02e-04     | 0.9979
200   | 5          | 0.01496      | 8.51e-04     | 0.9989
500   | 5          | 0.07356      | 1.17e-04     | 0.9996
1000  | 4          | 0.24169      | 9.53e-04     | 0.9998
10000 | 4          | 30.30453     | 3.15e-05     | 1.0000
